cam0:
  cam_overlaps: [1, 2]
  camera_model: pinhole
  distortion_coeffs: [-0.08339708939066091, 0.07767449460545107, -0.0027879400105762036,
    0.0008949799898390829]
  distortion_model: radtan
  intrinsics: [629.4196388001052, 630.3305943933186, 410.0212479945595, 286.5284605529552]
  resolution: [800, 592]
  rostopic: /nerian_stereo/left_image
cam1:
  T_cn_cnm1:
  - [0.9999352703463134, 0.0029732261709731157, -0.010982488041485832, -0.2509335518531104]
  - [-0.002976719602269095, 0.9999955240311404, -0.00030175833765876033, 0.0004549052670658966]
  - [0.010981541688424521, 0.00033443059238084347, 0.9999396451278069, -0.0034268896224234624]
  - [0.0, 0.0, 0.0, 1.0]
  cam_overlaps: [0, 2]
  camera_model: pinhole
  distortion_coeffs: [-0.10910941358091983, 0.21490814082888973, -0.0019664717147751267,
    0.0020014616275940834]
  distortion_model: radtan
  intrinsics: [633.0500003405504, 633.6787398618133, 391.20507137382145, 284.0579588361308]
  resolution: [800, 592]
  rostopic: /nerian_stereo/right_image
cam2:
  T_cn_cnm1:
  - [0.9996511201866053, 8.221453052016691e-05, -0.026412708123901733, 0.07338153650662635]
  - [-0.0003856025375612733, 0.9999340104504723, -0.011481552818325438, 0.05283333629494392]
  - [0.026410021210716197, 0.011487731943597129, 0.9995851853616298, -0.03425201098798585]
  - [0.0, 0.0, 0.0, 1.0]
  cam_overlaps: [0, 1]
  camera_model: pinhole
  distortion_coeffs: [-0.1632088212040138, 0.18707205147792277, -3.6265373815062996e-05,
    0.0005660743145393224]
  distortion_model: radtan
  intrinsics: [2749.3852049366233, 2748.146854205384, 946.079248929158, 616.4492946400098]
  resolution: [1920, 1200]
  rostopic: /pylon_camera_node/image_raw
