cam0:
  cam_overlaps: [1]
  camera_model: pinhole
  distortion_coeffs: [-0.05833376291621201, 0.07344887721300718, -0.0018087131582938429,
    0.00027333990601894644]
  distortion_model: radtan
  intrinsics: [640.751707856124, 640.5946084047824, 416.7266169398284, 287.6338382049486]
  resolution: [800, 592]
  rostopic: /nerian_stereo/left_image
cam1:
  T_cn_cnm1:
  - [0.9999902189207133, 0.002634671288213772, -0.0035525441736444477, -0.25007170050040706]
  - [-0.002639919612937745, 0.9999954298543821, -0.0014734635338822667, 0.00032500717835576374]
  - [0.003548645845933312, 0.0014828275528584484, 0.9999926041402043, -0.0004785747209086396]
  - [0.0, 0.0, 0.0, 1.0]
  cam_overlaps: [0]
  camera_model: pinhole
  distortion_coeffs: [-0.058062358724585095, 0.0774458217633381, -0.0008962362614714346,
    0.0008493448790189908]
  distortion_model: radtan
  intrinsics: [644.0513126374251, 643.8008312765669, 392.8806422764654, 285.0872660041105]
  resolution: [800, 592]
  rostopic: /nerian_stereo/right_image
