%YAML:1.0
image_width: 800
image_height: 592
camera_model: pinhole
distortion_model: radtan
# distortion_parameters:
D: [-0.05833376291621201, 0.07344887721300718, -0.0018087131582938429, 0.00027333990601894644]
# projection_parameters:
K: [640.751707856124, 0, 416.7266169398284, 0, 640.5946084047824, 287.6338382049486, 0, 0, 1]
P: [640.751707856124, 0, 416.7266169398284, 0, 0, 640.5946084047824, 287.6338382049486, 0, 0, 0, 1, 0]
R: [1, 0, 0, 0, 1, 0, 0, 0, 1]
