%YAML:1.0
image_width: 800
image_height: 592
camera_model: pinhole
distortion_model: radtan
# distortion_parameters:
D: [-0.08339708939066091, 0.07767449460545107, -0.0027879400105762036, 0.0008949799898390829]
# projection_parameters:
K: [629.4196388001052, 0, 410.0212479945595, 0, 630.3305943933186, 286.5284605529552, 0, 0, 1]
P: [629.4196388001052, 0, 410.0212479945595, 0, 0, 630.3305943933186, 286.5284605529552, 0, 0, 0, 1, 0]
R: [1, 0, 0, 0, 1, 0, 0, 0, 1]
