%YAML:1.0
image_width: 800
image_height: 592
camera_model: pinhole
distortion_model: radtan
# distortion_parameters:
D: [-0.058062358724585095, 0.0774458217633381, -0.0008962362614714346, 0.0008493448790189908]
# projection_parameters:
K: [644.0513126374251, 0, 392.8806422764654, 0, 643.8008312765669, 285.0872660041105, 0, 0, 1]
P: [644.0513126374251, 0, 392.8806422764654, 0, 0, 643.8008312765669, 285.0872660041105, 0, 0, 0, 1, 0]
R: [1, 0, 0, 0, 1, 0, 0, 0, 1]
