%YAML:1.0
image_width: 800
image_height: 592
camera_model: pinhole
distortion_model: radtan
# distortion_parameters:
D: [-0.10910941358091983, 0.21490814082888973, -0.0019664717147751267, 0.0020014616275940834]
# projection_parameters:
K: [633.0500003405504, 0, 391.20507137382145, 0, 633.6787398618133, 284.0579588361308, 0, 0, 1]
P: [633.0500003405504, 0, 391.20507137382145, 0, 0, 633.6787398618133, 284.0579588361308, 0, 0, 0, 1, 0]
R: [1, 0, 0, 0, 1, 0, 0, 0, 1]
